# Created by Octave 3.6.2, Mon Jul 06 15:08:13 2015 UTC <unknown@localhost>
# name: IDX
# type: matrix
# rows: 1
# columns: 1200
 2122 1677 1233 2646 2034 2304 2221 2148 1544 2237 1666 2011 566 294 1315 1096 225 2013 621 1854 2236 109 206 553 923 890 2680 1864 926 463 1018 12 63 1008 2825 1592 2943 1663 1832 761 1769 1525 2752 2410 555 2340 2290 307 1467 1205 489 1508 2940 131 2559 322 1617 2418 1846 25 1479 1760 3000 972 1353 76 1754 2414 111 2757 408 168 2777 1219 1790 1751 1028 679 2627 2227 1546 2255 2325 2209 2032 1301 1234 2246 2393 607 1786 1290 1226 2302 2087 2176 2861 1967 2472 1482 356 937 930 2263 291 1178 2694 369 148 1294 644 707 1011 1075 77 2499 215 2135 211 945 1732 2972 810 1281 573 1844 258 16 2321 2068 2538 2390 1105 959 979 2819 988 2832 414 394 1103 2347 1503 510 230 1435 2182 1977 2174 1354 2140 2619 847 2459 569 657 1361 1264 170 818 2750 1359 2748 310 568 727 2512 968 705 1819 1497 1006 1772 2597 1842 618 370 1156 1738 998 354 2171 1251 552 1388 2428 1855 1323 2515 969 2303 743 1186 1667 455 7 2727 2605 1478 574 790 1780 1672 2301 808 625 723 436 843 1083 2155 631 1384 88 2870 1154 2317 2190 2590 1365 1524 2756 1140 1945 2547 894 651 1729 1644 1296 404 2551 2106 532 2397 1625 739 1870 585 2075 253 2083 2896 249 1843 2268 2874 1192 2015 2998 800 967 52 1943 2014 1789 1776 1101 507 683 2242 1742 943 1084 659 385 2631 2920 871 2439 2284 1564 2050 1496 2004 1626 2419 764 2916 456 2388 1517 1947 797 1808 2900 2505 686 2925 1925 252 2277 842 682 874 1803 869 429 803 328 1227 91 916 1775 544 2687 127 2117 741 556 1522 2572 2067 176 884 2508 2929 1531 1533 1791 2820 2467 2695 167 2548 218 940 272 293 960 379 251 1573 1252 22 1548 2200 1787 194 2265 1831 1307 1784 1095 2002 2947 18 2184 2049 2997 689 2046 166 1370 1484 2838 2337 576 1470 769 1886 1515 990 2065 1369 1889 2693 1459 1788 290 2000 1304 646 821 1746 106 2545 450 600 2226 1651 105 1759 781 1331 1137 133 1970 2469 2043 1146 1185 1206 2568 1679 1044 1900 1266 462 1005 2356 2595 1893 2583 1395 1877 1703 770 242 434 779 549 2128 1199 2274 637 1645 499 1161 2207 1916 2131 1728 1409 854 2844 1352 623 2024 2574 518 2162 2708 838 1622 1883 1734 382 2493 1457 1836 1305 774 1414 2076 1851 603 10 2036 1345 2977 667 2041 709 660 1986 1999 297 735 2622 1578 2517 1554 1389 1104 2029 207 2116 61 2273 1364 2873 1499 1451 622 1122 1875 1665 1574 2795 666 1410 2610 1648 1027 718 2793 2763 1109 704 2913 303 531 2740 563 87 2346 2906 2826 2761 1912 1710 1933 1650 1213 1818 1588 2329 2546 2038 2102 508 2230 855 717 387 1581 2260 1132 470 1892 2905 2366 467 1805 661 1941 1922 702 79 2784 2022 649 1455 42 978 955 2787 120 554 1821 887 2731 2604 2185 678 264 2963 2399 2369 983 1426 340 327 1067 98 475 1090 1073 2411 1020 1461 860 1127 2822 2934 1737 2549 1338 1984 1072 1342 1998 1975 765 334 500 1586 831 1330 571 1942 2566 2569 478 1106 2327 897 583 2837 1452 1405 866 2712 2035 719 255 284 949 1417 749 262 2292 1254 246 2924 2650 2774 828 919 2234 34 1368 2575 1134 1207 966 2079 2807 912 2440 1094 2730 492 1698 407 1917 2132 1727 1815 1520 81 1053 805 1519 2799 733 2776 2144 2233 904 2526 445 1766 2570 1598 870 273 1068 1320 1418 732 2758 1608 495 613 628 2952 1489 1241 2672 159 1373 1865 2728 1674 2986 1460 2183 1691 1599 1971 1116 430 2901 2488 2991 2862 1556 2649 1664 2893 2336 1371 2540 1839 833 74 601 2069 1434 2409 247 1333 2875 420 254 2413 2047 2446 2618 1224 1572 224 1686 2806 1614 119 1890 2368 1867 1176 820 324 2335 402 2219 1129 57 1594 564 97 452 1850 547 1537 2775 2888 2857 72 2208 2668 1276 223 1630 360 2111 1946 1016 2534 2891 1280 1240 806 1099 1534 24 1510 1713 1056 1077 745 784 1063 2109 1383 673 2814 2264 1512 1210 2747 1963 565 277 2961 782 2289 2180 2968 403 85 2988 1274 1058 2880 999 643 1379 193 1335 1107 260 366 175 938 1795 2134 51 827 1054 1733 1637 2723 1420 1184 1860 2702 317 1486 1445 2124 512 1412 2855 815 935 1200 1899 460 2949 879 1390 1387 1466 137 911 545 1669 1562 1706 1605 1271 882 2828 2432 2600 1121 2742 172 335 1552 2780 1216 789 2528 2026 2271 2805 1634 2074 1643 2576 373 2718 570 1428 2261 2607 2782 1372 2514 2865 2500 2252 1693 1026 1639 1762 125 2492 1862 1558 425 1337 2558 89 591 1066 1927 1230 880 1502 2686 2355 1401 668 1191 2400 2813 1411 2052 2361 2323 2601 2580 759 630 2987 2120 1339 2093 1894 1257 1196 1247 1705 1968 2804 208 2448 2281 2842 1621 906 1569 2023 441 2989 2759 1255 2354 1563 39 2915 750 891 2426 1110 2656 2202 2341 2884 2674 1052 1719 2150 1915 2960 605 1631 2195 2648 2829 298 2403 2664 2864 2863 202 306 1194 1593 182 2802 791 1147 1308 2313 2666 1768 2404 140 837 2641 54 1481 2628 1951 925 981 1681 1211 358 1130 1923 2066 2922 1591 1022 2853 901 2910 2250 323 2726 1314 1848 984 1800 2599 2578 1363 711 1349 48 1456 2831 65 2064 1995 1874 863 2966 695 267 2243 2314 1736 1814 2258 269 2091 900 151 1678 99 173 1526 589 2899 2294 2773 2421 1421 1404 311 1021 2847 2442 2458 1250 2720 2471 2485 2810 809 1444 2055 656 1714 2437 2475 1374 687 2984 1214 1833 2152 1113 1584 2633 157 1852 850 2266 1866 1724 730 2942 2449 477 2422 2487 1311 1476 261 2951 365 2520 2379 1355 2283 437 2811 1595 1036 1033 1957 2378 326 363 419 2973 2149 104 2749 2044 587 2753 1030 917 124 1152 2113 2072 2103 2724 192 1856 2556 2509 2513 1334 1847 2225 226 263 2827 883 1427 1549 1675 1367 171 1809 722 92 1447 2993 2765 1538 1087 2835 1566 2351 448 2210 1708 205 2850 231 2275 241 1871 1017 1767 1961 1816 1261 993 62 2681 725 381 2935 989 772 721 1049 578 664 2118 1717 2938 822 1879 58 1511 162 2228 60 2381 275 1144 1585 416 713 953 1668 2897 299 93 1169 2300 2138 535 1930 40 875 677 122 2613 2370 1245 1811 908 2232 1620 2868 796 1348 11 279 2071 2478 766 2971 932 431 312 1656 1823 841 1270 2033 1735 1628 2231 292


