# Created by Octave 3.6.2, Mon Jul 06 15:08:13 2015 UTC <unknown@localhost>
# name: X
# type: matrix
# rows: 50
# columns: 60
 2.854562741103215 -1.400717473642327 0.9401279994267728 -2.389453509773376 -5.848958563376794 0.7668031969147464 0.7803052616361579 -1.226777567435358 -3.557672689496397 -1.656045382647482 -1.205565900867991 -0.5199473668106714 1.421135380666672 3.583548157709856 2.6513436411869 -0.7441836953524048 -0.1732737868802776 -1.309450466137413 -0.722208133786114 -3.008412517042953 0.5256366474427469 1.873670304193243 3.528985282500566 1.719196487955811 4.406801893360842 2.356575577691217 3.251566758627649 1.244710333422776 0.03344446239955079 0.5106727613675917 -1.608879838327014 -0.8209668486056254 2.173594075080663 0.8110070798850777 0.285761797702843 2.140833448964316 1.174944924809418 -0.02237363537129738 -1.182264372537781 4.334571037302338 2.211245718768417 1.725063424474122 -0.6500553895335901 0.4578464446115694 -1.745542130242094 -4.032194924358536 0.7103246391516356 -0.4018030586866229 4.908090008299973 -1.456627391537916 0.527420311086253 -2.265859951560626 -0.42639881371959 -0.9703170074382531 -1.158160541900224 -1.709668350486238 0.2687558487715182 -1.84086231705605 1.025724255086777 0.8059449634297187
 4.958495314576751 -0.4880258459961011 -0.8202862332062582 -1.058474976092313 -3.102756678217486 2.861682769249404 -3.057950997749811 -2.235430776473685 -2.506038778962166 -0.3134914687388002 0.5685261984460914 -1.070660198798476 0.8610251849825539 3.476207175759609 0.7616976256982576 0.1352887694649138 -1.664541846997595 -4.352112313306675 2.816810534185908 0.2300392170976205 -0.617805424972929 1.985238551786293 1.958312817831714 1.165563204526184 4.146220817848391 4.823440466992993 3.554998583698414 -0.4330028471963561 0.9332651079232678 1.455121754942734 -0.07515205779919669 0.5019101341881476 2.838336878104845 2.32543386951285 4.007996352610339 -0.9802730988420986 4.77023708164578 -0.5332893167798773 -0.06689689427097568 1.547912752903434 -0.6194052351111505 1.830470753839477 1.511040950304977 -0.7055763785955508 -0.1761597396175305 -2.327926403942015 2.751005820552651 1.409188830810821 5.407791123492149 0.01857221670206485 -3.778219467563613 -4.697783505834461 -0.356734515240949 0.4494979683930782 1.405740016586122 0.4465314959145825 -2.717136739891063 -0.1515794989260007 3.12464916022001 0.4477251917475689
 2.138436781447905 1.800315759511971 0.4462691161434004 1.868881869699362 1.928131439947094 -1.64071105398068 0.5003082899615822 0.4124642445553744 -2.088893836022918 0.2645925017306702 2.40164405476973 -2.079015704288276 -2.422285206326904 -2.082103107443459 0.9112268245045929 4.282818973310103 -0.3245243116033737 0.005638874079718414 2.095407944606659 -1.295816464671424 0.850130509420611 -0.2065226220030438 -2.066563249784835 -0.5962063360337453 -1.361869404230228 -1.136759009808881 -1.187652271953076 -4.089547458906032 -1.98470548245635 1.98814150051842 -0.5638275627047366 -2.036787230798252 -1.913582248971698 0.1479376572439144 3.239209753783588 -2.394058484662478 -0.7216863731969162 -0.159110254984813 -1.600010165233498 2.732435531887901 2.619289546020942 -0.5047772282552032 0.653706471477411 -3.503732721322716 2.322039975703017 -0.7935018545447123 3.173928234292532 0.3137226419732629 2.858351461978129 3.613656914824713 -2.027141226743286 -4.309585964075899 1.937434099108512 1.212658794889444 2.661517513151233 0.5218094859321726 -3.659121999309193 -1.597217635502526 -0.2488142223116872 2.470418014299742
 -3.349414356059902 1.640373880942889 -0.2382011915934116 -1.484270166404339 1.386256296317828 -2.069298018936701 1.267601342153452 -0.2378272079999467 4.599769107528922 1.713979447928859 -1.574153280229964 1.596672794693474 1.488384795221183 -1.94784514274936 -0.5585250020967493 -1.154898567952714 0.3572270698330763 -0.7888504260451874 -1.858411117573933 3.438348875740421 -2.528815730004499 -0.8617033844718904 -1.840691064007173 -1.183547848795477 -4.376591897153323 0.117038563268796 -1.212724926716624 -0.1522397454842761 2.127913578403221 -0.3322285794854736 0.9183308950274908 -0.2886549170478195 -1.562066427740799 1.360906756682712 0.5836831912737639 1.428928445665254 -2.938695108104609 0.06859264101482776 0.5413675748122058 -3.887537377381443 -2.190363231474332 -1.193279418798221 0.8112690111599659 1.7952905402764 0.8635077141897756 3.420072457351354 -1.969516510285256 -0.2590503563815722 -2.467542735871994 0.9835957442747052 1.288302898833051 4.373151568652757 0.09487746457052232 -1.984476471967345 -2.701499112958145 -1.025887305462807 -0.2940133315366984 1.360481356891233 -0.6958026933792265 -1.148294020373496
 0.8341368645877525 -0.813969502229505 1.401528736468133 0.2199518795725433 0.8910450169148447 -0.7475467202190098 2.377962369097336 1.613792294273898 -1.844746382650059 -0.9520748142085727 2.2336208257213 -0.04530984009309005 -1.30015943037293 -0.2280808782315052 1.098778441825011 2.263949752470337 0.924157675615266 1.540008381092038 -0.2304762877031172 -1.786123371872147 1.508466459964692 -1.137888687913921 0.009711852721469016 0.4297755471873986 1.078661934953199 -2.104275637520635 0.5579708774297563 -1.110748863410113 -1.970746919707328 0.02102053871575207 -0.001516515077005565 -0.4805981739121424 -0.3587251626114207 -1.551465771068585 -1.281703807196555 -0.01393009411349944 -2.184768204460492 -0.09612905523654743 -1.918691168445877 3.533497504216094 2.492973216445172 -0.1443418998869896 -2.109324864785104 -2.176476270941079 -0.4345151218811732 -1.585958453780375 0.3309632506689459 -0.8635093354039558 3.016843791972688 1.054379703721967 0.604941375217934 -2.981521967993094 0.9109216391566015 0.2734786445515555 2.072388075828491 0.5237463109538883 -0.3188369742269546 -2.095882022817985 -1.464319888798701 0.7544825453882826
 0.8298304864738866 -1.724805289189738 0.2032020154228213 -2.361377882603327 -3.330702873667371 1.560179848365681 0.00923945551504414 -0.7725375541332795 -0.4422553721453757 -0.8139457917963162 -1.104264300788757 1.058663668069377 1.970459733417783 3.053508779385577 0.7453168133598486 -2.216500535408733 0.01858111247212282 -1.338818567879781 -1.006573532808268 -0.07083731985624839 -0.4381049049486661 0.7441517776194373 2.644672912119381 1.208487907595716 3.138761289362228 2.184076913331308 2.831278424720034 2.355513781030357 1.177594238252693 -0.6832357892582943 0.01960888016159051 0.984254291077105 2.353253924642337 0.5358664526786618 -1.045414757161857 2.0314573256293 1.039960288859871 -0.1023460836411619 0.02630381392020581 0.6912621772953025 -0.6510093098069925 1.152879941396245 -0.7585417412591042 1.597189646812486 -2.037727558262204 -1.432640267339406 -1.107460574478096 -0.2200899780819625 2.059457821886189 -2.135389240905077 0.6438209880871231 0.1621313439188009 -1.104224273550326 -1.118430774894422 -1.227993901219786 -0.6472373994433749 1.339500865350266 -0.1231514990391865 0.801506081883674 -1.088588115221472
